52
52
26 25
22 1 3 21
21 2 1 1 19
20 3 2 18
19 1 1 18
20 2 1 19
22 1 17
18 2 1 3 1 1 17
18 1 2 4 2 20
18 1 2 1 2 1 18
18 1 7 1 17
18 1 4 1 1 1 20
18 2 2 2 2 1 18
18 3 1 1 2 20
18 6 5 1 18
18 2 3 4 16
18 7 4 17
17 2 1 1 2 2 15
16 2 1 1 3 1 1 2 14
22 2 3 1 1 13
15 1 4 7 1 19
14 3 9 3 12
17 1 1 13 1 1 11
13 3 13 1 1 15
16 1 10 1 2 1 10
12 4 12 7 10
16 1 12 4 13
15 1 15 3 1 9
11 4 15 8 9
11 1 15 3 1 2 9
11 6 12 4 1 2 9
10 1 2 2 11 1 1 2 2 9
9 1 2 2 9 5 6 8
7 2 6 8 2 2 1 2 8
7 1 2 1 3 7 1 2 1 1 2 8
8 2 4 8 6 3 10
6 1 7 2 9 6 3 7
7 10 2 6 10 2 6
10 9 8 1 11 6
6 1 8 2 1 8 1 2 6
6 1 11 4 3 6 8
6 2 1 12 2 5 3 7
6 3 1 8 3 1 3 1 2 9
7 1 7 2 10 10
8 4 1 3 1 1 1 2 2 11
13 1 1 1 2 8 6 12
15 1 10 3 14
52
52
52

52
52
52
52
52
52
38 2 7
35 2 1 2 6
35 2 1 1 5
34 2 2 1 1 5
33 1 1 3 6
30 1 2 5 8
27 3 1 9 7
25 5 2 6 3 4
23 7 3 8 1 5
22 5 3 2 10 3
20 5 1 1 1 1 8 1 3
19 2 1 1 1 3 1 9 3
9 7 2 4 6 6
6 8 2 1 2 1 3 3 1 3 1 3
5 2 1 2 2 2 7 2 1 2 1 3
4 4 4 2 6 10 4 2 5
3 2 1 8 1 13 4 2 4
7 5 1 1 16 1 2 6
3 4 1 2 19 2 5
4 1 1 2 2 1 19 3 5
2 1 5 3 1 19 1 1 5
5 4 4 21 2 5
3 1 1 1 22 1 5
3 2 2 3 1 18 2 6
3 1 1 10 10 1 2 1 5
4 1 1 2 2 1 5 6 3 3
4 2 6 2 3 2 4 7 1 1 3
5 4 1 1 2 1 1 2 1 1 2 1 11
8 2 4 4 1 8 16
17 3 2 4 3 1 9 5
19 3 6 9 3 3
20 3 1 1 2 4 5 4 3
21 1 3 3 2 5 1 4
23 2 2 1 8 1 1 4
24 1 2 5 1 2 2 5
26 9 1 2 2 6
29 5 1 7
34 5 8
38 4 8
39 10
52
52
52
52
52
52